param num_temp := 3;
param num_sem := 38;
param num_meses := 10;

param B := 20;
param CAP := 175;
param SP := 6; 
param BM := 20;
#param G := 12600; #
param TR := 0.12;

param costo_diario_electricidad := 71;	

param TP :=
1	0.8
2	1
3	0.5
;

param A :=
1	23
2	40
3	80
; 

param C :=
1	103
2	112
3	125
;

param CR := 
1	13043
2	11764
3	10000

;

param CF:= 
1	2062500
2	2362500
3	2450000
;

param CM :=
1	9000
2	9000
3	10000
;

set M[1] :=	1	2;
set M[2] :=	3	4	5	6;
set M[3] :=	7	8	9	10;
set M[4] :=	11	12	13	14;
set M[5] :=	15	16	17	18;
set M[6] :=	19	20	21	22;
set M[7] :=	23	24	25	26;
set M[8] :=	27	28	29	30;
set M[9] :=	31	32	33	34;
set M[10] :=	35	36	37	38;

param U :	
	1	2	3	4	5	6	7	8	9	10	11	12	13	14	15	16	17	18	19	20	21	22	23	24	25	26	27	28	29	30	31	32	33	34	35	36	37	38 :=
1	0	0	0	0	0	0	0	0	0	0	1000	1000	1000	1000	1000	1000	1000	1000	1000	1000	1000	1000	1000	1000	1000	1000	1000	1000	1000	1000	1000	1000	1000	1000	1000	1000	1000	1000
2	0	0	0	0	0	0	800	800	800	800	1000	1000	1000	1000	1000	1000	1000	1000	1000	1000	1000	1000	1000	1000	1000	1000	1000	1000	1000	1000	1000	1000	1000	1000	1000	1000	1000	1000
3	0	0	0	0	0	0	800	800	800	800	1000	1000	1000	1000	1000	1000	1000	1000	1000	1000	1000	1000	1000	1000	1000	1000	1000	1000	1000	1000	1000	1000	1000	1000	1000	1000	1000	1000
;

param D:
	1	2	3	4	5	6	7	8	9	10	11	12	13	14	15	16	17	18	19	20	21	22	23	24	25	26	27	28	29	30	31	32	33	34	35	36	37	38 :=
1	0	0	0	0	0	0	0	0	0	0	500	600	600	800	700	800	800	700	800	900	900	900	700	800	900	800	700	600	700	800	800	800	600	700	700	600	500	500
2	0	0	0	0	0	0	800	900	800	1000	1300	1400	1500	1500	1600	1700	1700	1500	1600	1700	1600	1500	1500	1500	1600	1500	1600	1700	1700	1600	1700	1500	1500	1300	1400	1200	1300	1100
3	0	0	0	0	0	0	1600	1800	1900	2000	2300	2400	2600	2600	2500	2500	2600	2500	2600	2600	2500	2400	2400	2500	2500	2400	2300	2200	2100	2000	2000	1900	1900	1800	1900	2000	1900	1800
;

param DIS :
	1	2	3	4	5	6	7	8	9	10 :=
1	0	0	0	1	1	1	1	1	1	1
2	0	0	1	1	1	1	1	1	1	1
3	0	0	1	1	1	1	1	0	0	0
;

param PF:
	1	2	3	4	5	6	7	8	9	10	11	12	13	14	15	16	17	18	19	20	21	22	23	24	25	26	27	28	29	30	31	32	33	34	35	36	37	38 :=
1	0	0	0	0	0	0	0	0	0	0	300	360	360	480	420	480	480	420	480	540	540	540	420	480	540	480	420	360	420	480	480	480	360	420	420	360	300	300
2	0	0	0	0	0	0	480	540	480	600	780	840	900	900	960	1020	1020	900	960	1020	960	900	900	900	960	900	960	1020	1020	960	1020	900	900	780	840	720	780	660
3	0	0	0	0	0	0	960	1080	1140	1200	1380	1440	1560	1560	1500	1500	1560	1500	1560	1560	1500	1440	1440	1500	1500	1440	1380	1320	1260	1200	1200	1140	1140	1080	1140	1200	1140	1080

;

param PV:
	1	2	3	4	5	6	7	8	9	10	11	12	13	14	15	16	17	18	19	20	21	22	23	24	25	26	27	28	29	30	31	32	33	34	35	36	37	38 :=
1	0	0	0	0	0	0	0	0	0	0	200	240	240	320	280	320	320	280	320	360	360	360	280	320	360	320	280	240	280	320	320	320	240	280	280	240	200	200
2	0	0	0	0	0	0	320	360	320	400	520	560	600	600	640	680	680	600	640	680	640	600	600	600	640	600	640	680	680	640	680	600	600	520	560	480	520	440
3	0	0	0	0	0	0	640	720	760	800	920	960	1040	1040	1000	1000	1040	1000	1040	1040	1000	960	960	1000	1000	960	920	880	840	800	800	760	760	720	760	800	760	720
;

param CV: 
	1	2	3	4	5	6	7	8	9	10	11	12	13	14	15	16	17	18	19	20	21	22	23	24	25	26	27	28	29	30	31	32	33	34	35	36	37	38 :=
1	24000	24000	0	0	0	0	0	24000	24000	24000	24000	24000	24000	24000	24000	24000	24000	24000	24000	24000	24000	24000	24000	24000	24000	24000	24000	24000	24000	24000	24000	24000	24000	24000	24000	24000	24000	24000
2	24000	24000	0	0	0	0	0	24000	24000	24000	24000	24000	24000	24000	24000	24000	24000	24000	24000	24000	24000	24000	24000	24000	24000	24000	24000	24000	24000	24000	24000	24000	24000	24000	24000	24000	24000	24000
3	35000	35000	0	0	0	0	0	35000	35000	35000	35000	35000	35000	35000	35000	35000	35000	35000	35000	35000	35000	35000	35000	35000	35000	35000	35000	35000	35000	35000	35000	35000	35000	35000	35000	35000	35000	35000
;

param CT:
	1	2	3	4	5	6	7	8	9	10	11	12	13	14	15	16	17	18	19	20	21	22	23	24	25	26	27	28	29	30	31	32	33	34	35	36	37	38 :=
1	0	0	0	0	0	0	0	0	0	0	2789	3611	3818	4995	4265	4828	4959	4566	5809	6505	6302	6204	4817	5598	6343	5595	4924	4270	4893	5357	5315	5478	4240	4944	4755	3894	3178	3250
2	0	0	0	0	0	0	6099	6735	6029	7653	10160	11258	12172	12148	12964	13654	13668	12210	13315	14573	13805	12983	13140	13158	13596	12178	12978	14066	13920	12962	14501	12873	13079	11637	12740	11084	12246	10636
3	0	0	0	0	0	0	8155	9302	9701	9847	11376	11616	12124	11662	10453	10211	10554	9788	9571	10145	10063	9789	9859	10277	10409	10322	7741	8613	7730	7804	8051	7749	7805	7399	7911	8157	7805	7399
;

